0.24651	40.5938	0.0968
0.33600	41.2263	0.1360
0.38388	41.6383	0.2332
0.32184	41.1991	0.1503
0.49797	42.1471	0.1618
0.39392	41.5171	0.2060
0.91042	43.9813	0.1744
0.53500	42.6173	0.2676
0.53249	42.0988	0.1528
0.83213	43.3081	0.2020
0.55626	43.4210	280.1536
0.35859	41.8647	0.2009
0.15123	39.2151	0.1066
0.45687	41.9798	0.1434
0.58060	42.4823	0.1900
0.22666	40.1768	0.1902
0.28165	40.7081	0.1249
0.32489	41.2424	0.1327
0.24567	40.3561	0.1215
0.35067	41.3327	0.1027
0.17140	39.2212	0.1267
0.34408	41.4693	0.1322
0.57208	42.7430	0.2169
0.48452	42.1643	0.1252
0.38724	41.5710	0.1641
0.22397	40.2370	0.1897
0.76649	43.4719	0.1542
0.56135	42.1614	0.1998
0.48424	42.4648	0.1662
0.36932	41.2663	0.1298
0.55081	42.6753	0.1317
0.63802	42.7893	0.1302
0.22896	40.4850	0.1855
0.45191	42.2732	0.2722
0.55626	42.5455	0.1541
0.33267	42.6221	192.5920
0.28398	40.6531	0.1093
0.62198	42.9355	161.7507
0.21552	40.1906	0.0925
0.44737	42.3558	0.2478
0.26866	40.9014	0.1593
0.18299	39.8394	0.0937
0.16167	39.4300	0.1073
0.69207	43.1058	0.1208
0.38423	41.3713	0.1726
0.27476	40.4565	0.1066
0.35941	41.5367	0.1243
0.64442	42.8515	0.1266
0.49418	42.1186	0.1564
0.78880	43.5819	0.1349
0.52893	42.6670	0.1823
0.27962	40.7950	0.2017
0.29564	40.8951	0.1769
0.96406	44.1241	0.2170
0.66553	43.1281	0.2151
0.77796	43.3391	0.1509
0.85778	43.7874	0.2847
0.74728	43.4244	3.2613
0.88120	43.7911	0.1754
0.21995	40.3457	0.1946
0.67080	42.8645	0.1523
0.55269	42.3720	0.2078
0.70234	43.0325	0.1836
0.82115	43.7992	0.1827
0.68490	42.9354	0.1228
0.62692	42.8405	0.1305
0.59845	42.7359	0.1251
0.43274	42.0586	0.6442
0.43504	41.7944	0.1240
0.57464	42.6545	0.2004
0.52851	42.6778	0.1838
0.35592	41.5628	0.1267
0.55887	42.5625	0.1342
0.63165	42.9637	0.1993
0.82318	43.8632	0.1901
0.76820	43.5376	0.2042
0.77295	43.2732	0.1796
0.44765	41.8950	0.1520
0.55345	42.5418	0.1411
0.97319	44.1572	0.1627
0.60560	42.6863	0.1905
0.52014	43.0787	170.5973
0.88655	43.8139	0.5434
0.59808	42.7062	0.1335
0.54251	42.3056	0.1827
0.47821	42.3635	0.1867
0.43376	41.9047	0.1437
0.81400	43.7753	0.2951
0.95453	43.7132	0.1931
0.97567	44.1896	0.1992
0.98614	43.8586	0.1306
0.56173	42.4601	0.1280
0.58140	42.6325	0.1444
0.45288	41.7507	0.1353
0.69410	43.1710	0.2294
0.83727	43.7263	0.1658
0.92582	43.5635	0.1461
0.66800	42.8687	0.1444
0.46250	42.1247	0.1698
0.50192	42.2910	0.1132
0.45440	41.8836	0.1725
0.32010	41.1241	0.1377
0.40448	42.0827	0.3062
0.43972	42.0601	0.2112
0.46210	41.9825	0.1404
0.57842	42.6576	0.1820
0.17026	40.8158	257.7207
0.71506	43.3358	0.1642
0.36229	41.5774	0.2054
0.44790	41.8351	0.1200
0.45532	42.2020	0.2086
0.52092	42.4078	0.2362
0.90975	44.0508	0.1927
0.85800	43.6741	0.2434
0.84930	44.0342	0.3386
0.49331	41.9132	0.1372
0.19599	39.7520	0.1027
0.84090	43.2586	224.7607
0.59134	42.5919	0.1563
0.53356	42.8136	0.2211
0.53644	42.4175	0.1551
0.76214	43.5968	0.1643
0.49305	42.1722	0.1332
0.96764	44.1300	0.1876
0.70484	43.0650	0.1606
0.49625	42.1559	0.1555
0.35238	41.4806	0.1334
0.79259	43.6354	0.2030
0.50550	41.8933	0.1461
0.47119	42.1905	0.2038
0.39875	41.7911	0.2692
0.60613	42.8077	0.1475
0.44489	41.8077	0.1833
0.62529	42.9882	0.1648
0.65054	42.9365	0.2046
0.57790	42.5695	0.1643
1.04763	43.8593	0.1483
0.35658	41.3064	0.1413
0.58171	42.5281	0.1726
0.38239	41.4820	0.1908
0.37303	41.6954	0.1543
0.66801	42.7643	0.1198
0.46997	42.0774	0.1546
0.45131	41.9104	0.2121
0.55665	42.6046	0.1913
0.60314	42.5522	0.1384
0.28112	40.8037	0.1104
0.59011	43.0539	0.2486
0.69242	43.4982	0.3638
0.36573	41.3256	0.2000
0.92049	44.0256	0.2740
0.82000	43.4751	0.2245
0.34358	41.2151	0.1944
0.95596	43.9062	0.2197
0.47919	42.0957	0.1360
0.62070	42.8847	0.1769
0.33273	40.2710	185.2355
0.51183	42.2034	0.1306
0.55738	42.4169	0.1280
0.34601	41.3581	0.1122
0.68203	43.1657	0.1732
0.29546	41.0736	0.1816
0.43749	42.2472	0.2308
0.55774	42.3113	0.1495
0.35377	41.9941	15.4682
0.62074	42.6177	0.2308
0.48100	41.9718	0.1545
0.58701	42.6951	0.1753
0.44199	41.9277	0.1079
0.35332	41.4972	0.1601
0.33840	41.1332	0.1758
0.38786	41.6090	0.1359
0.35277	41.2499	0.1165
0.47434	42.0584	0.1597
0.37099	41.3201	172.2755
0.58932	42.4801	0.1700
0.52670	42.4068	0.1933
0.65557	42.9527	0.1309
1.02514	43.9335	172.6372
0.48464	42.3096	0.1721
0.33307	41.0836	0.1270
0.21182	40.1145	0.1660
0.40412	41.7010	0.1609
0.59458	42.3694	0.2308
0.23003	40.0575	0.1105
0.52271	42.3563	0.1270
0.74605	43.1594	0.1789
0.33440	41.0423	0.2046
0.84169	43.5610	0.2565
0.18472	39.7886	0.0939
0.47654	42.1705	0.2238
0.64538	42.8967	0.1647
0.61509	42.7113	0.1531
0.29739	40.8458	0.1298
0.45939	42.1187	0.1626
0.36757	41.4013	0.1242
0.62638	42.8835	0.1683
0.51814	42.5448	0.2008
0.62237	42.9111	0.1852
0.50629	42.3312	0.1877
0.47736	41.9875	0.1771
0.52595	42.1302	0.1682
0.52227	42.3656	0.2016
0.61572	43.0487	0.2438
0.49502	42.0261	0.1921
0.82542	43.7940	0.2506
0.59880	42.4782	0.2418
0.55063	42.3459	0.1642
0.35013	41.3692	0.1552
0.42694	41.8274	0.1285
0.52913	42.3011	0.1992
0.22330	40.0820	0.1701
0.60357	42.8935	0.2190
0.22034	39.9721	0.1583
0.30581	40.9722	0.1086
0.56288	42.3576	0.1464
0.32816	41.2275	0.0913
0.51363	42.3698	0.1431
0.56882	42.4527	0.1336
0.56530	42.6607	0.1553
0.32116	41.0766	0.1611
0.65939	43.2686	0.2009
0.53341	42.3311	0.1646
0.55172	42.7092	0.1764
0.45918	41.9397	0.1416
0.27372	40.6647	0.1081
0.39050	41.1509	0.1936
0.69550	43.0773	0.1368
0.43100	41.8060	0.2459
0.35583	41.2955	0.2203
0.43153	41.9365	0.2068
0.33442	41.2026	0.1217
0.81895	43.4706	0.1540
0.85824	43.3903	0.1759
0.86005	43.6566	0.2353
0.62154	42.8792	0.2124
0.74274	43.3982	0.1709
0.55292	42.2512	0.1541
0.27487	40.7403	0.1707
0.53864	42.4295	0.2034
0.55594	42.4185	0.1453
0.59196	42.5678	0.2241
0.67462	43.0399	0.1650
0.52993	42.4106	0.1600
0.41670	41.6610	0.1547
0.69994	43.0747	0.1600
0.61126	42.7008	0.1649
0.61917	42.7152	0.2911
0.47431	42.1430	0.1897
0.66212	42.9267	0.1387
0.19293	39.9331	0.1887
0.53225	42.3417	0.1387
0.59850	42.4576	0.2049
0.52786	42.3711	0.1225
0.62298	42.8978	0.1529
0.35321	41.1448	0.1317
0.32320	40.9742	0.1132
0.65455	42.8388	0.1606
0.26572	40.8743	0.2063
0.28053	40.8866	0.2119
0.46812	42.0434	0.1236
0.58130	42.7608	0.1876
0.45416	42.1695	0.1665
0.11365	39.0697	0.7632
0.33852	41.1919	0.1137
0.38378	41.5092	0.1312
0.33566	42.1620	5.3230
0.47001	42.5100	0.2578
0.26151	41.0566	2.3192
0.45401	41.9758	0.1851
0.56332	42.1856	0.2118
0.29304	40.8536	0.1109
0.23837	40.4289	0.1419
0.40759	41.8844	0.3265
0.25478	40.2737	0.1442
0.53050	42.2750	0.1803
0.23176	40.3090	0.1382
0.61470	43.0689	0.2136
0.70615	42.9813	0.2449
0.77759	43.0528	331.7325
0.65650	42.9161	0.1656
0.50950	42.0564	0.1302
0.65341	42.7438	0.1453
1.02947	44.1989	0.1779
0.68084	42.8140	0.2143
0.72801	43.3653	0.1664
0.33826	41.0213	0.1495
0.45902	42.4863	0.3065
0.31343	41.0799	0.1148
0.58393	42.6372	0.2154
0.29279	40.8492	0.1241
1.06498	44.1596	0.1598
0.75796	43.4259	0.4507
0.50128	42.3163	0.1978
0.66144	43.0246	0.2038
0.69849	43.3530	0.2190
0.43631	42.0993	0.2407
0.49575	42.2009	0.2156
0.66425	42.8608	0.1657
0.42517	42.0414	0.1190
0.54508	42.2074	0.1414
0.33147	41.3308	0.1336
0.56572	42.8556	0.2106
0.42850	41.5519	1.1983
0.49690	42.2782	0.2281
0.31179	40.8746	0.1398
0.44958	41.6600	0.1841
0.36136	41.3354	0.1403
0.68176	42.9215	0.1690
0.55424	42.1721	0.1747
0.73303	43.2327	0.2173
0.50502	42.1735	0.1740
0.55325	42.6065	0.2201
0.34785	41.1132	0.1381
0.43100	41.4572	0.2086
0.44588	41.8635	0.1778
0.47362	41.9875	0.1786
1.05386	44.2966	0.1985
0.31845	41.2899	0.1269
0.68453	43.0277	0.1543
0.68533	42.9853	0.2451
0.60440	42.4900	0.2551
0.36131	41.5962	0.2559
0.80084	43.4355	0.2261
0.42080	41.9824	0.1673
0.71045	43.4205	0.1994
0.39978	41.8982	0.3428
0.58691	42.5994	0.1948
0.36259	41.4437	0.2152
0.29461	40.9757	0.1202
0.49927	42.3312	0.2297
0.33040	42.1274	177.0168
0.57170	42.4059	0.1740
0.62380	42.7798	0.0466
0.79583	43.3341	0.1623
0.19024	39.9615	0.1402
0.40288	41.5317	0.1916
0.23300	40.3565	0.1071
0.35428	41.5401	0.1362
0.15035	39.2893	0.0975
0.68245	43.0450	0.2107
0.34655	41.2938	0.1360
0.69377	43.0442	0.1998
0.43425	41.9614	0.1616
0.72265	42.8993	0.3072
0.27340	40.7101	0.1209
0.34896	41.4858	0.2051
0.32426	40.9118	0.2292
0.25736	40.4844	0.1554
0.49532	42.2039	0.2237
0.23568	40.3975	0.1202
0.56655	42.4454	0.1805
0.70074	43.5927	0.2794
0.77150	43.4997	0.1726
0.05999	37.3523	0.1374
0.49340	42.7013	0.3553
0.62682	43.1169	0.2308
0.68463	42.9619	0.2694
0.63278	42.8190	0.2114
0.68123	42.7794	0.2554
0.73965	43.3168	0.2079
0.19947	39.9821	0.1956
0.65254	42.5141	0.1354
0.30791	41.0115	0.1129
0.57935	42.7633	0.1788
0.50657	42.2005	0.1918
0.38493	41.4986	0.1686
0.42480	41.6877	0.1593
0.21881	40.3022	0.1457
0.64804	42.8506	0.1637
0.37908	41.4595	0.1696
0.58072	42.5347	0.1689
0.38405	41.4520	0.2270
0.20797	40.1748	0.1012
0.56651	42.3917	0.1713
0.31390	41.1292	0.1184
0.14715	39.4609	0.1699
0.54998	42.4030	219.9254
0.36960	41.5430	0.2311
0.65602	42.8146	0.1554
0.40563	41.7484	0.1409
0.56555	42.4416	0.1504
0.48469	42.3887	0.3686
0.66422	42.7595	0.1943
0.52334	42.3697	0.1385
0.33727	41.4118	0.2077
0.65842	42.8070	0.1863
0.23147	40.2144	0.1304
0.29093	40.8474	0.1702
0.54380	42.5670	0.1648
0.37869	42.0661	1.1497
0.61268	42.5428	0.2053
0.56289	42.3118	0.1518
0.42019	41.9066	0.1979
0.26000	40.2411	0.1334
0.53638	42.6863	0.1919
0.71009	43.4183	0.2142
0.38598	41.0344	0.1777
0.11665	41.4153	188.5074
0.43170	41.7775	0.2158
0.73556	43.2424	0.1893
0.79602	43.3569	0.2347
0.59567	42.3802	0.1949
0.59969	42.4098	0.2052
0.57271	42.4885	0.2112
0.67594	43.0985	0.2875
0.21892	40.3740	0.1398
0.53736	42.3279	0.1843
0.28158	40.4253	0.2597
0.54410	42.2857	0.1306
0.29292	40.8719	0.1153
0.47937	42.0383	0.2003
0.23156	42.3377	239.4149
0.51213	42.0253	0.1465
0.54102	42.4047	0.2013
0.28008	40.9033	0.2070
0.35116	41.2415	0.2467
0.29876	40.7045	0.1403
0.34818	41.1346	0.1501
0.37325	41.2427	0.1674
0.31315	41.6168	221.2396
0.54895	42.0456	0.4182
0.39922	41.8191	0.1720
0.38450	41.7518	0.2541
0.39560	41.6591	0.1566
0.37244	41.4071	0.1357
0.32565	41.2352	0.1467
0.16979	40.4502	137.1700
0.49300	42.4130	0.2423
0.29279	40.7897	0.1595
0.27358	40.6888	0.1075
0.23446	40.2530	0.1619
0.22582	40.2604	0.1011
0.30996	40.9941	0.1572
0.34672	41.3178	0.1196
0.41562	41.7193	0.2145
0.50562	42.3172	0.2221
0.75509	43.2984	0.3295
0.60863	42.8580	0.2050
0.30283	41.8215	28.9924
0.29790	40.8982	0.1489
0.32145	41.2714	0.1504
0.49920	42.3299	0.3206
0.14896	39.3442	0.0930
0.32927	41.1511	0.1723
0.42914	41.8685	0.1245
0.81398	43.3334	0.1431
0.50552	42.2792	0.1232
0.47190	41.8283	0.2930
0.36186	41.1865	0.1595
0.36897	41.4873	0.1519
0.33926	41.2872	0.1391
0.62950	42.8742	0.2031
0.31363	41.0447	0.2078
0.52588	42.3759	0.1649
0.30291	40.3838	2.9257
0.58877	42.9911	0.1827
0.33494	41.4857	0.1684
0.42676	41.7480	0.1458
0.54562	42.7236	0.1985
0.53309	42.6333	0.1731
0.52634	42.3179	0.1227
0.86329	43.8826	0.2904
0.34934	41.2070	0.1217
0.29687	42.4532	209.2092
0.68428	42.8985	0.1745
0.88568	43.5374	0.2103
0.87345	43.7612	0.4450
0.35684	41.2975	0.1201
0.56046	42.5561	0.2992
0.67164	42.9858	0.2535
0.74924	43.3972	0.2731
0.86394	43.7957	0.2342
0.65898	42.6922	0.2735
0.18531	40.0484	0.1675
0.14715	39.3371	0.1136
0.64986	42.9702	0.1425
0.64526	42.9341	0.1513
0.74534	43.1073	0.1876
0.67832	43.0717	0.2039
0.48917	42.1856	0.1525
0.25956	40.5872	0.1179
0.53445	42.7026	0.2436
0.43570	41.9523	0.1761
0.65109	43.0382	0.1843
0.73135	43.0400	0.1742
0.54947	42.5247	0.1638
0.33529	41.3386	0.2094
0.54459	42.1596	0.1495
0.34365	42.7317	234.9624
0.61044	42.5374	0.2011
0.27836	41.0082	0.1379
0.73743	43.2130	0.2113
0.21541	39.7845	0.1918
0.86532	43.4828	0.2368
0.63626	43.0660	0.1808
0.46364	41.8654	0.1254
0.28605	40.8949	0.1148
0.26136	40.7395	0.1477
0.61058	42.5718	0.1527
0.49038	42.2370	0.2617
0.47917	42.3010	0.1789
0.61093	43.0466	0.2094
0.19712	39.9524	0.1222
0.69363	43.1393	0.1433
0.68474	43.1012	0.1340
0.69974	43.1146	0.1922
0.80255	43.3671	0.1623
0.91440	43.9048	0.1819
0.98316	43.8412	0.1293
0.59271	42.8575	0.1576
0.29602	43.9515	252.5868
0.37727	41.4770	0.1275
0.73129	43.2175	0.1436
0.36621	41.3446	0.1981
0.47293	42.1088	0.1804
0.16051	39.1271	0.1753
0.38182	41.5043	0.1810
0.41459	41.6791	0.1763
0.61958	43.0581	0.2378
0.41029	41.5640	0.1775
0.31818	41.1348	0.1445
0.26860	40.6639	0.1151
0.48590	42.1017	0.1578
0.51520	42.5672	0.2380
0.31151	40.6915	0.2175
0.40132	41.5190	0.1757
0.58567	42.8500	0.1807
0.65770	42.7723	0.1184
0.29674	41.0331	0.1632
0.81830	43.3324	0.1575
0.33834	41.1940	0.1958
0.71266	43.1318	0.1418
0.46861	42.1704	0.1641
0.61076	43.0554	0.1758
0.62104	43.1038	0.2219
0.33065	41.2585	0.0971
0.34351	41.6089	0.2128
0.41577	41.7516	0.1262
0.74959	43.2671	0.1547
0.54383	42.8166	0.2138
0.58900	42.6482	0.2054
0.45459	42.2788	0.2687
0.49349	42.3081	0.2052
0.29207	40.8596	0.1046
0.73783	43.4571	0.2459
0.21992	39.9419	0.1823
0.34950	41.3170	0.1500
0.87076	43.3385	0.1882
0.53152	42.6084	0.1787
0.57305	42.5533	0.1312
0.25358	40.4772	0.1673
0.76565	43.3531	314.7000
0.47885	42.2258	0.1456
0.42505	41.8514	0.1104
0.75391	43.1155	0.1679
0.52840	42.1239	0.1622
0.58858	42.6501	0.1338
0.20355	40.7695	53.1158
0.23259	40.1519	0.1735
1.03001	44.2698	1.0593
0.79358	43.3874	0.1326
0.64645	43.1830	0.1556
0.67900	42.9998	0.1642
0.62737	43.1653	0.1831
0.36022	41.3793	0.1332
0.58967	42.8256	0.2522
0.49718	42.4705	0.1430
0.52682	42.2135	0.1282
0.32917	41.6049	0.2179
0.77301	43.6303	0.2651
0.60620	42.9177	0.2655
0.47545	42.0807	0.2013
0.65333	43.4184	0.2510
0.18021	39.6975	0.1488
0.66912	42.8951	0.1457
0.81961	43.6748	0.1582
0.79621	43.2692	0.1773
1.02547	44.3153	0.2017
0.65363	42.9442	0.1410
0.77131	43.3362	0.1438
0.25993	40.5093	0.1350
0.68577	43.2822	0.1887
0.56387	42.5951	0.1521
0.63618	42.7559	0.1698
0.45456	42.0796	0.1640
0.76303	43.5023	0.1703
0.21760	40.1520	0.1763
0.43093	41.6887	0.1082
0.51991	42.5169	0.2498
0.53030	42.2896	0.1329
0.75488	43.4228	0.1803
0.58240	42.6406	0.1548
0.21927	40.1327	0.1083
0.40528	41.6306	0.1380
0.56050	42.4586	0.1291
0.74249	43.4891	0.1761
0.65984	42.9716	0.1500
0.29980	41.0895	0.1462
0.61748	43.0185	0.1641
0.25390	40.7330	0.2032
0.69112	43.2186	0.1415
0.49382	42.2933	0.2645
0.62066	42.7499	0.1564
0.90040	43.6493	0.1497
0.49679	42.2792	0.1417
0.83438	43.4845	0.1317
0.32680	41.1211	0.1036
0.62859	43.2163	0.1543
0.27638	40.5548	0.3982
0.47431	42.2885	0.1558
0.57110	42.8879	0.2473
0.34291	41.3198	0.1870
0.60153	42.7776	0.1760
0.64800	43.0884	0.1709
0.60760	42.8400	0.1858
0.72280	42.9867	0.1146
0.32964	41.1549	0.1118
0.60994	42.6001	0.1361
0.33286	41.0657	0.1259
0.45534	41.9874	0.1641
0.15145	39.6260	0.2123
0.36195	41.5427	0.2078
0.41009	41.9598	0.2320
0.44739	41.8234	0.1977
0.42150	41.5869	0.1313
0.42140	41.6896	0.1534
0.55200	42.3528	0.1944
0.54789	42.4675	0.2350
0.44916	42.3781	0.3058
0.42306	41.6359	0.1799
0.70487	42.8957	0.1621
0.41216	41.6181	0.2043
0.52589	42.0480	0.1684
0.74130	43.5434	0.2404
0.36000	41.5009	0.1040
0.92220	44.1131	0.2862
0.40700	41.8129	0.1502
0.32717	41.1619	0.1096
0.34255	41.0708	0.1852
0.75712	43.4596	0.2266
0.72352	43.2715	0.2579
0.64442	42.6368	0.1583
0.36812	41.2529	0.1005
0.68643	42.5634	0.4680
0.43820	42.0038	0.2028
0.21358	40.0106	0.1872
0.59756	42.5321	0.1918
0.77536	43.0895	0.1842
0.92649	44.1497	0.1940
0.26838	40.6163	0.1063
0.33521	41.1876	0.1954
0.48362	42.1468	0.1920
0.34521	42.2259	2.2993
0.74073	43.3385	0.1595
0.33403	41.0999	0.1066
0.96373	44.1335	0.2123
0.65259	43.2364	0.2273
0.45456	42.0954	0.2062
0.81086	43.7187	0.1466
1.01459	44.1621	0.2339
0.27092	40.6170	0.1240
1.08220	44.3723	0.2031
0.62819	42.8729	0.1488
0.49720	42.0243	0.1442
0.69211	43.3420	0.1249
0.44089	41.9479	0.1580
0.69670	43.2289	0.1432
0.67020	43.1519	0.1491
0.23433	40.4426	0.1190
0.32358	41.2243	0.1047
0.29574	40.8865	0.1654
0.66511	42.9057	0.1282
0.43429	41.9436	0.1767
0.67983	42.7751	0.1318
0.45971	42.5967	266.6761
0.75210	43.4374	0.1635
0.63159	42.8771	0.1991
0.61596	42.8108	0.1454
0.67830	43.0522	0.2266
0.44288	41.6007	0.1587
0.34389	41.0008	0.2486
0.69188	43.4508	0.1650
0.56040	42.4502	0.1424
0.64177	43.1622	0.1706
0.42538	41.7366	0.1603
0.47220	42.0399	0.1457
0.68269	42.8973	0.1635
0.72049	43.2137	0.2249
1.04600	43.9710	0.1949
0.52438	42.7273	0.3201
0.50151	42.5517	0.2510
0.40797	42.2151	0.2593
0.42551	41.8518	0.1865
0.72355	43.3110	0.1436
0.66183	43.4233	0.1918
0.28683	40.6267	0.2130
0.53752	42.5237	0.1590
0.33809	41.3866	0.2055
0.63620	42.8803	0.1562
0.21883	40.0934	0.0994
0.69194	43.1114	0.1482
0.70256	43.2110	0.1446
0.28940	40.8587	0.1038
0.43738	41.8552	0.1547
0.45813	42.0277	0.1386
0.43479	41.7952	0.1109
0.32813	40.9749	0.1605
0.58267	42.6504	0.1624
0.70561	43.1806	0.1629
0.78807	43.2296	0.2460
0.35253	41.2990	0.1998
0.57562	42.7842	0.2582
0.66048	43.0160	0.1706
0.52173	42.2489	0.1538
0.33769	41.1376	0.1475
0.58471	42.6884	0.1399
0.22800	40.1279	0.1572
0.20910	39.9876	0.1093
0.22896	40.2361	0.1516
0.41363	41.7579	0.2289
0.61334	42.7928	0.1322
0.37862	41.3132	0.2044
0.69590	43.2616	0.1945
0.55274	42.6747	0.1680
0.62968	42.8509	0.2130
0.56815	42.9348	0.2356
0.39468	42.2243	0.2603
0.73849	43.0930	0.1615
0.36000	41.4037	0.1079
0.81246	43.5930	0.2057
0.14784	38.9913	0.1298
0.61047	42.5801	0.1886
0.32961	41.1055	0.1343
0.77696	43.8406	0.2978
0.61667	42.7921	0.1964
0.36213	41.4981	0.1916
0.43966	41.9524	0.1438
0.69445	43.0176	0.1119
0.55474	42.1825	0.2062
0.15555	39.2046	0.1724
0.23810	40.3245	0.1295
0.74535	43.2483	0.1861
0.64554	43.2108	0.1927
0.43276	41.9756	0.1298
0.10525	38.3453	0.1520
0.14227	39.3514	0.1700
0.46890	42.2688	0.1325
0.39534	41.5776	0.1704
0.87068	43.7584	0.3169
0.48127	42.1979	0.2302
0.37397	41.4563	0.1197
0.78733	43.6208	0.1455
0.36101	41.5577	0.1478
0.40726	41.7285	0.1838
0.39869	41.4236	0.2000
0.36704	41.1941	0.1743
0.42403	42.2622	4.8049
0.34498	41.5103	0.2028
0.49392	42.2967	0.1702
0.66107	43.0052	0.1523
0.66951	42.9469	0.1435
0.33449	41.3291	0.2064
0.23572	40.2567	0.1233
0.37277	41.3906	0.1439
0.59613	42.6676	0.1488
0.67818	42.9838	0.1320
0.24270	40.4140	0.1193
0.66040	43.1904	0.1842
0.30929	41.1081	0.1150
0.49025	42.1942	0.1394
0.26812	42.3624	205.2519
0.72925	43.1441	0.1800
0.56400	42.4901	0.2099
0.69229	43.1958	0.1839
0.68207	43.0093	0.1881
0.52795	42.4046	0.2000
0.57622	42.4679	0.1853
0.40212	42.4168	232.0644
0.58009	42.6379	0.1563
0.78908	43.3969	0.1409
0.33781	41.2372	0.1198
0.27087	40.4637	0.1477
0.51445	42.2413	0.1934
0.60989	42.9052	0.1988
0.30348	41.1001	0.1213
0.62816	42.7691	0.1818
0.43623	42.1230	0.1352
0.59069	42.3708	0.1443
0.33227	41.3461	0.1310
0.31153	41.1068	0.1512
0.31375	42.2679	200.5970
0.25928	40.4489	0.1742
0.55583	42.3287	0.1852
0.17800	40.6402	149.8745
0.37157	41.3107	0.1482
0.52736	42.2783	0.2373
0.33807	41.3984	0.1257
0.65953	43.1407	0.2681
0.54385	42.4390	0.2207
0.84705	43.8956	0.2579
0.33582	41.4124	0.1960
0.34529	41.3303	0.1168
0.50610	42.3999	0.1839
0.37145	41.5622	0.1488
0.77207	43.2730	0.1766
0.53348	42.8342	241.0519
0.31131	41.7232	193.6743
0.70390	43.6139	226.7003
0.21105	39.9768	0.1539
0.58955	42.9954	0.2261
0.54210	42.5301	0.1940
0.53027	42.2837	0.2456
0.35349	41.3882	0.1363
0.38237	41.6090	0.1525
0.54244	42.4455	0.1472
0.35775	41.2933	0.1829
0.79883	43.5735	0.2585
0.57013	43.6177	238.5706
0.67448	43.2679	0.1797
0.55856	42.6888	0.1816
0.20786	40.0126	0.1572
0.35167	41.2702	0.1655
0.56980	42.4081	0.1828
0.57589	42.7067	0.2066
0.44259	41.7906	0.1280
0.67717	42.8358	0.1660
0.34586	41.2478	0.1043
0.61230	42.9089	0.1598
0.40474	41.7302	0.1618
0.48727	42.1157	0.2411
0.52669	42.4418	0.1518
0.10643	38.5616	0.0899
0.57968	42.6875	0.2197
0.76374	43.3391	0.1893
0.77713	43.2924	0.1195
0.33682	41.1245	0.2335
0.36495	41.5680	0.1328
0.68194	43.2630	0.2002
0.63521	42.6684	0.1477
0.27144	40.9139	0.1117
0.36807	41.5061	0.1213
0.56544	42.6850	0.1452
0.45140	42.0406	0.1775
0.71965	43.2738	0.1279
0.22248	40.3027	0.1143
0.39292	41.9518	0.2637
0.55122	42.6496	0.2061
0.40675	41.7798	0.2143
0.72139	43.2467	0.1623
0.36123	42.0530	0.2859
0.65516	43.1958	0.1424
0.58740	42.6562	0.2141
0.35778	41.3565	0.1310
0.62011	42.9017	0.2306
0.78539	43.2135	0.1885
0.61628	42.8169	0.2359
0.56062	43.4841	186.9078
0.72100	43.2735	0.2110
0.61272	43.0032	0.2197
0.51318	42.5244	0.1969
0.51917	42.5609	0.1788
0.62383	42.6145	0.1543
0.48824	42.3708	0.2046
0.79232	43.3341	0.1219
0.69431	43.2600	0.1637
0.42274	42.1369	0.2072
0.34357	41.3691	0.2512
0.68047	43.1699	0.1814
0.34234	41.1574	0.1493
0.43879	41.9706	0.2114
0.69519	42.8784	0.1459
0.36570	41.2170	0.1647
0.69344	43.0532	0.2100
0.68244	43.2265	0.1781
0.59011	42.5725	0.2897
0.66047	42.8884	0.1391
0.13431	39.0086	0.1736
0.26722	40.5791	0.1094
0.62135	42.9472	0.2024
0.68067	42.7998	0.1314
0.58646	42.7204	0.2177
0.45570	41.8887	0.1604
0.80454	43.2824	0.1320
0.35888	41.4181	0.1638
0.51812	42.2231	0.2068
0.82885	43.3761	0.2158
0.29000	40.7372	0.1142
0.44056	42.7893	293.0621
0.19720	39.9442	0.1794
0.28910	40.7860	0.1195
0.24800	40.2772	0.1033
0.74472	43.4320	0.1337
0.30365	41.9873	8.3962
0.66040	42.9342	0.1520
0.64989	42.8551	0.1435
0.52919	42.5313	0.3196
0.62800	43.0162	0.2715
0.72764	43.4734	0.2035
0.33501	41.5222	0.1610
0.20081	39.7993	0.1876
0.60642	42.6028	0.1527
0.42751	41.9110	0.1221
0.50705	42.2442	0.1076
0.60750	42.8117	0.1534
0.60687	42.8824	0.2117
0.52480	42.2846	0.1061
0.60791	42.6746	0.1477
0.30528	41.1223	0.1694
0.45038	42.3370	0.2082
0.62317	42.7287	0.2064
0.57927	42.5779	0.1844
0.39982	41.7329	0.2279
0.39600	40.9359	0.2146
0.43867	41.6118	0.1456
0.34270	41.2635	0.2309
0.34905	41.7049	0.2434
0.56608	42.8987	0.2598
0.42938	42.2771	0.2663
0.58439	42.7375	0.1859
0.18579	39.8687	0.1015
0.29350	41.8729	17.3012
0.38834	41.6577	0.1878
0.25695	40.6715	0.1393
0.46865	42.0296	0.1851
0.67813	42.9301	0.7368
0.18200	39.7297	0.1655
0.23480	40.2147	0.1908
0.64929	42.7682	0.1164
0.65056	42.8132	0.1800
1.02661	44.0472	0.2354
0.60141	42.7065	0.1940
0.83031	43.4247	0.1574
0.11088	38.1464	0.1338
0.57858	42.8020	0.2217
0.45439	41.9590	0.2626
0.50400	42.3316	0.1680
0.42250	41.9157	0.1513
0.56389	42.4986	0.1367
1.05561	43.9487	0.2055
0.74939	43.4491	0.1569
0.26238	40.4557	0.1513
0.32917	41.1467	0.1124
0.53281	42.0715	0.1214
0.31300	41.0380	0.1238
0.41166	42.2028	0.2235
0.31280	41.1236	0.1497
0.38780	41.6203	0.1750
0.60072	42.6396	0.1818
0.60279	42.9102	0.1798
0.64980	43.0930	0.1327
0.56560	42.5164	0.1550
0.13936	39.9608	191.5557
0.42719	42.1257	0.2224
0.51830	42.1437	0.1018
0.53228	42.6231	0.1869
0.58582	42.7348	0.1394
0.61443	43.1125	0.1972
0.72199	43.2946	0.2079
0.33153	41.2217	0.1805
0.73429	43.4108	0.1273
0.85956	43.4207	0.2381
0.42108	41.7653	0.1361
0.62065	42.8993	0.1679
0.77404	43.6157	0.2350
0.46283	41.8898	0.1222
0.30356	40.9550	0.1791
0.64929	43.2292	0.1464
0.46998	41.9990	0.1522
0.92613	44.5882	0.3336
0.33245	41.0447	0.2523
0.60052	42.8805	0.1817
0.82152	43.5000	0.1478
0.96937	43.6767	0.1466
0.95867	44.5302	0.2619
0.96519	43.7094	0.1426
0.81924	43.8419	0.1387
0.77378	43.4162	0.1420
0.63699	43.2292	0.2773
0.18191	39.3650	0.1026
0.36587	42.5239	90.3310
0.53633	42.6471	0.2188
1.12212	44.1909	0.1090
0.25710	40.6799	0.1757
0.49383	42.0401	0.1499
0.45791	41.9146	0.2146
0.44990	41.1784	226.8607
0.27633	40.7217	0.1136
0.46064	41.8991	0.1248
0.75300	43.5874	0.1821
0.65254	43.2211	0.2003
0.61054	42.8181	0.1793
0.65523	43.0926	0.1442
0.69380	43.0471	0.1542
0.63843	42.9166	0.1648
0.58187	42.6554	0.1493
0.71784	43.1506	0.1575
0.65415	43.0201	0.1374
0.44820	42.0813	0.1608
0.32657	41.0323	0.1826
0.29425	40.9229	0.1963
0.66614	43.7249	269.0213
0.30566	40.8642	0.1458
0.54259	42.4035	0.1913
0.83108	43.4494	0.1369
0.82656	43.5692	0.1875
0.41000	41.7787	0.1967
0.59825	42.4641	0.1441
0.55432	42.5910	0.1981
0.52341	42.1108	0.1337
0.51185	42.3613	0.1593
0.71721	43.4174	0.1496
0.68487	43.0160	0.1664
0.55093	42.6925	0.2689
0.50373	42.3896	0.2055
0.31401	41.0622	0.1362
0.21976	40.0569	0.1111
0.87622	43.3942	0.1744
0.51725	42.3384	0.2005
0.65375	42.9977	0.1329
0.40557	41.4950	252.2860
0.70232	43.4289	0.1886
0.49800	41.9505	0.1270
0.49558	42.1028	0.1552
0.33947	41.1106	0.2399
0.38397	41.4404	0.1686
0.36947	41.6318	0.1841
0.78644	43.0376	0.1282
0.50677	42.1674	0.1335
0.63900	42.9078	0.1580
0.09475	38.3222	0.2234
0.26453	40.7134	0.1323
0.24540	40.4147	0.1874
0.69735	43.2646	0.1523
0.36770	41.4734	0.1411
0.71536	43.4006	0.2960
0.56932	42.6056	0.1929
0.31902	41.1851	0.1258
0.36379	41.3484	0.1760
0.50379	42.4500	0.1992
0.58493	42.7086	0.1807
0.68257	42.9946	0.1616
0.53253	42.3492	0.2069
0.49770	42.3360	0.2168
0.33400	41.1717	0.1538
0.33558	41.1325	0.1266
0.79389	43.3185	0.2333
0.63022	43.0158	0.2879
0.40561	41.7519	0.2309
0.46406	42.1406	0.1437
0.55439	42.2978	0.1251
0.73234	43.0246	0.2312
0.24000	40.4557	0.1087
0.45596	42.0309	0.1453
0.32206	41.2472	0.1311
0.27223	40.7836	0.1349
0.80489	43.3949	0.1586
0.25278	40.5564	0.1256
0.44793	42.0212	0.1190
0.54366	42.5924	0.1540
0.45235	41.8944	0.1277
0.43428	41.7480	0.1427
0.55205	42.3216	0.1344
0.30800	40.9391	0.0975
0.27720	40.7496	0.2435
0.42463	41.7279	0.1496
0.24050	40.4207	0.1041
0.50967	42.4130	0.1764
0.34336	41.4577	0.1663
0.65674	42.8766	0.1431
0.51724	42.5078	0.1915
0.69446	43.1421	0.1897
0.67022	43.0251	0.1270
0.62927	42.9890	0.2297
0.33165	41.2529	0.1263
0.65749	42.8095	0.1436
0.64833	42.8663	0.1527
0.93806	43.8419	0.1512
0.58950	42.9043	0.1839
0.65193	43.1487	0.1746
0.61963	43.4554	0.2648
0.51057	42.2675	0.1383
0.29178	40.9380	0.1355
0.07411	37.5773	0.2013
0.34489	41.2159	0.1564
0.88500	43.6498	0.1505
0.21648	40.2435	0.0934
0.52839	42.4239	0.1512
0.89915	43.9894	0.2041
0.25617	40.3392	0.1112
0.26262	40.6008	0.1340
0.23820	40.4828	0.1215
0.70020	43.3463	0.1444
0.63016	43.0122	0.1724
0.49348	42.3312	0.1695
0.33213	42.1888	155.8961
0.63065	43.5939	202.2987
0.75399	43.1475	0.1828
0.80250	43.5870	0.1667
0.52319	42.2723	0.1704
0.49300	42.2651	0.1503
0.48200	42.0138	0.1398
0.61809	43.1997	0.1985
0.69900	42.9273	0.1291
0.50390	42.2330	0.1621
0.44945	42.1318	0.1711
0.54921	42.4926	0.1324
0.45154	41.9960	209.9417
0.65938	43.1839	0.1807
0.89270	43.6073	0.1357
0.65126	43.3267	0.1945
0.59463	43.0591	0.2237
0.45258	41.9972	0.1568
0.95845	44.2804	0.1905
0.35991	42.5951	168.1352
0.71027	43.0684	0.1678
0.89762	43.9358	204.1358
0.47539	42.4238	0.1937
0.40330	41.4904	0.1698
0.42828	41.8764	0.2224
0.79436	43.3170	0.1935
0.83777	43.6747	0.1504
0.61185	42.7865	0.2397
0.64519	43.0151	0.2198
1.02222	44.0951	0.1868
0.41337	41.8259	0.1806
0.65938	42.8266	0.1502
0.39596	41.7467	0.1650
0.42373	42.0809	0.2521
0.47786	42.1155	0.1727
0.61115	42.6684	0.1530
0.36812	41.4065	0.1180
0.34627	41.3891	0.2134
0.15055	39.5647	0.1752
0.35088	41.2373	0.1796
0.54586	43.0127	0.2001
0.71926	43.0805	0.1817
0.56600	42.8422	0.1829
0.72012	42.9720	0.1434
0.68403	43.3071	0.1590
0.68506	43.0222	0.2317
0.59750	42.7003	0.2069
0.26423	41.8051	300.0360
0.37680	41.3692	0.1646
0.23835	40.3323	0.1393
0.66260	43.0103	0.1952
0.79106	43.2863	0.1378
0.58096	42.8082	0.1745
0.39235	41.5534	0.1616
1.01778	43.8769	0.1463
0.55550	42.3852	0.1630
0.51352	42.3190	0.1424
0.63476	43.0525	0.1887
0.61215	43.1341	0.1826
0.55484	42.5786	0.1700
0.36593	41.4596	0.2025
1.00089	44.2028	0.3157
0.57752	42.6711	0.1631
0.33234	41.2449	0.1170
0.69896	43.2791	0.2422
0.86746	43.6718	0.2335
0.35926	41.5992	0.1229
0.60139	42.7653	0.1792
0.44845	41.9660	0.1669
0.56550	42.4672	0.1928
0.88340	44.0070	0.2593
0.45518	42.7109	8.1350
0.28956	41.7312	142.2750
0.57717	42.5277	0.1672
0.32764	41.2042	0.1388
0.53605	42.6916	0.2833
0.53169	42.3827	0.2290
0.64709	42.8714	0.1761
0.50617	42.2081	0.1447
0.54211	42.3890	0.2221
0.17353	39.5855	0.0920
0.86390	43.5172	0.2419
0.33530	41.2295	0.1254
0.46427	41.8297	0.1357
0.69363	42.9348	0.1658
0.58308	42.8644	0.2121
0.47938	41.8991	0.1520
0.75217	43.2224	0.1727
0.53058	42.6795	0.1934
0.41152	41.7892	0.1102
0.36704	41.5767	0.1357
0.60024	42.6697	0.1568
0.64266	42.7437	0.1503
0.38474	41.2178	259.7160
0.43707	41.8010	0.1272
0.85389	43.9150	0.2948
0.58162	42.8278	0.3578
0.51921	42.2286	0.1234
0.27405	40.7313	0.1227
0.80326	43.5738	0.2226
0.27798	40.9250	0.1267
0.50709	42.4181	0.2295
0.55708	42.4194	0.1175
0.85350	43.5814	0.2573
0.68629	43.0424	0.1669
0.37280	41.4006	0.2478
0.45444	42.1279	0.2449
0.57000	42.4554	0.1174
0.52831	42.4340	0.3270
0.52480	42.8195	0.2626
0.42539	42.0120	0.1688
0.51525	42.5963	0.2286
0.11992	38.2154	0.1805
0.64009	42.9270	0.1821
0.54873	43.0902	200.1382
0.40584	41.6481	175.3365
0.55710	42.7254	0.2043
0.61002	42.9900	0.2243
0.67847	43.2550	0.1360
0.29241	40.7593	0.1208
0.34500	41.3477	0.1768
0.33582	41.2757	0.1238
0.45817	42.2699	0.2041
0.45793	42.1662	0.2280
0.47379	42.1170	0.1946
0.50504	42.2601	0.1268
0.58247	42.7936	0.1808
0.65446	43.3552	0.1935
0.61356	42.7199	0.1800
0.80220	43.7069	0.1946
0.53524	42.3993	0.1833
0.44236	42.1148	0.2177
0.45221	42.0849	0.1338
0.75956	43.3504	0.1582
0.40697	41.8405	0.1482
0.74518	43.1240	0.2202
0.29162	40.9015	0.1076
0.54579	42.2587	0.1507
0.29961	40.9215	0.2005
0.27627	41.0005	0.2428
0.67716	43.0756	0.1827
0.60616	42.7734	0.2236
0.20676	39.9564	0.1748
0.53223	42.5044	0.1803
0.46394	41.9664	0.1653
0.80373	43.5748	0.2197
0.86800	44.1243	0.2465
0.45300	42.0108	0.1123
0.76058	43.2815	0.1362
0.73139	43.2856	0.1498
0.98157	44.1028	0.1992
0.70648	43.0906	0.1547
0.65311	42.7954	0.1460
0.63360	42.7112	0.1957
0.43651	42.4537	0.3371
0.26982	40.7588	0.1779
0.68072	43.1798	0.2202
0.47898	42.1525	0.1190
0.57747	42.6011	0.1343
0.71612	43.2139	0.1660
0.65916	42.9869	0.1588
0.46219	42.3328	0.1492
0.32165	41.0662	0.1448
0.42324	41.7451	0.1687
0.33086	41.0865	0.2014
0.55123	42.3980	0.1228
0.53399	42.5212	0.1360
0.60551	42.4576	0.1120
0.65712	43.1101	0.1903
0.55144	42.7566	0.1468
0.27399	40.7436	0.1168
0.65338	42.8030	0.1540
0.59156	42.6902	0.1324
0.76800	43.5761	0.1349
0.64434	43.2969	0.1638
0.16092	39.3979	0.1623
0.62336	42.9684	0.1826
0.80472	43.3974	0.1471
0.83888	43.7500	0.2293
0.40244	41.5976	0.1386
0.68831	42.9400	0.1673
0.63048	42.9160	0.1434
0.78017	43.3681	0.1247
0.69426	43.4297	0.2780
0.32608	41.1459	0.1429
0.69314	43.0303	0.1277
0.34822	41.6040	0.2062
0.62112	42.9545	0.1490
0.46641	42.1918	0.2060
0.59325	42.6991	0.1622
0.91014	43.4955	0.1810
0.56799	42.6946	0.1268
0.47043	42.5532	0.2520
0.62354	42.9208	0.1985
0.36872	41.1103	0.1101
0.81530	43.6290	0.1610
0.61096	42.7694	0.1443
0.73681	43.1709	0.2569
0.93230	43.8407	0.1804
0.39319	41.6674	0.1334
0.42950	41.9796	0.1140
0.38353	41.3956	0.2243
0.31956	41.1335	0.1323
0.59391	42.8527	0.1806
0.42627	42.1359	0.2396
0.57760	42.7007	0.1656
0.55948	42.3750	0.1188
0.54055	42.5073	0.1300
0.47891	42.2306	0.2071
0.37235	41.4496	0.1432
0.66310	42.9120	0.1226
0.58172	43.2161	293.2289
0.44480	42.2561	0.2006
0.22490	40.1997	0.1113
0.54642	42.4853	0.1711
0.60833	42.9774	0.2157
0.81384	43.4823	0.1925
0.66033	42.9849	0.1531
0.68826	43.0922	0.1401
0.68740	42.9382	0.1680
0.57319	42.9815	0.2063
0.65590	43.0253	0.1859
0.49292	42.3261	0.2115
0.34083	41.1208	0.1933
0.39093	41.6397	0.1664
0.54950	42.2831	3.0425
0.56915	42.7713	0.1737
0.61349	42.5096	0.1986
0.56317	42.8645	0.1822
0.61220	42.8242	0.1522
0.45849	42.1651	0.1681
0.54622	42.4271	0.1590
0.53786	42.4079	0.1552
0.51459	42.6800	0.2319
0.44537	41.9830	0.1555
0.82775	43.6678	0.1680
0.36097	41.3133	0.1755
0.52692	42.4014	0.1350
0.69581	43.1412	0.1697
0.72130	43.4098	0.1753
0.59293	43.1448	0.2390
0.71023	43.0900	0.1295
0.31102	41.1536	0.1451
0.78334	43.4268	0.1849
0.33050	41.2787	0.1965
0.56331	42.2911	0.1444
0.42839	41.8727	0.1407
0.51927	42.0816	0.2547
0.43550	41.6251	0.2086
0.31374	40.8849	0.1135
0.52838	42.4131	0.1434
0.59963	42.6789	0.2462
0.60394	42.5340	0.1573
0.22015	39.9707	0.1101
0.73942	42.8892	0.2158
0.26146	40.8606	0.2421
0.53629	42.4647	0.2141
0.46642	42.1545	0.2034
0.76588	43.2070	288.9836
0.74189	43.4553	0.2390
0.26446	41.0381	0.1533
0.72463	43.1694	0.1610
0.38932	41.6156	0.1476
0.38860	41.8190	0.2646
0.47603	41.9462	0.1423
0.36491	41.5171	0.1582
0.49475	41.8604	0.1728
0.24690	42.3029	147.5353
0.40795	41.6971	0.2108
0.29425	40.9177	0.1775
0.33833	41.3806	0.1780
0.58524	42.4369	0.1575
0.58200	42.7603	0.1953
0.73620	43.2850	0.2288
0.36892	41.4621	0.1196
0.34691	41.2956	0.1494
0.53770	42.0703	0.4032
0.61041	42.6072	0.1422
0.33943	40.8294	0.2436
0.35118	41.3287	0.1099
0.27235	40.6213	0.1167
0.57870	42.7886	0.2715
0.39290	41.5957	0.1835
0.28509	41.9936	3.8798
0.31733	40.9444	0.0998
0.45517	41.8232	0.2060
0.42548	41.5285	0.2248
0.45551	41.9163	0.1857
0.30853	41.3654	0.1675
0.24326	40.5423	0.1085
0.51096	41.8517	0.1545
0.52620	42.2082	0.1626
0.20216	39.8284	0.1001
0.47960	42.6761	0.2524
0.46114	42.0780	0.1689
0.39400	41.6196	0.1343
0.21139	39.9438	0.1409
0.31286	41.0453	0.1278
0.27761	40.8311	0.0928
0.68058	42.7941	0.1610
0.46789	42.3848	0.1825
0.49761	42.3092	0.2430
0.55997	42.5890	0.2086
0.42981	41.7864	0.2636
0.64245	42.9696	0.1676
0.49058	42.6343	0.2066
0.92613	44.0256	0.1725
0.64981	42.8382	0.1670
0.13617	38.8522	0.1722
0.88074	44.2321	0.5177
0.53070	42.3883	0.1592
0.83988	43.5363	0.2368
0.55688	42.3552	0.1867
0.62542	42.9705	0.1990
0.13092	38.8982	0.1129
0.78516	43.5457	0.4170
0.65526	42.9368	0.2281
0.23972	40.3914	0.1033
0.34598	41.2676	0.1088
0.12995	41.1930	343.0536
0.37987	41.6456	0.1814
0.60800	42.7160	0.1576
0.23993	40.4033	0.1388
1.08430	44.3440	0.1505
0.58138	42.5149	0.1592
0.33134	41.0057	0.1927
0.38000	41.4905	0.1393
0.50740	42.3878	0.3183
0.40786	41.8700	0.2139
0.38850	41.3904	0.1476
0.48023	42.3412	0.1587
0.48082	42.1487	0.1308
0.81844	43.3758	0.2054
0.58883	42.6886	0.1547
0.36120	42.5549	238.4326
0.30650	40.9348	0.1184
0.62530	42.6252	0.1190
0.57826	42.5938	0.1446
0.61542	42.9531	0.1805
0.31413	40.9661	0.1791
0.56884	42.5685	0.2220
0.46733	42.0698	0.2228
0.79034	43.7774	0.3019
0.23625	40.5916	0.1076
0.43500	41.7397	0.1505
0.29201	40.6041	0.1298
0.54285	42.5334	0.1809
0.78190	43.1453	0.1545
0.83925	43.5821	0.2534
0.69100	42.9599	0.1506
0.28792	41.0024	0.1386
0.44918	42.0773	0.1857
0.54439	42.9716	0.6625
0.74939	43.5929	0.2138
0.60665	42.7154	0.1426
0.22191	40.4665	0.1696
0.33770	41.1218	0.1015
0.84207	43.7373	0.3163
0.51067	42.3265	0.1844
0.64763	42.9375	0.2801
0.56558	42.4687	0.1160
0.60195	42.7944	0.2230
0.68356	43.4264	0.1646
0.53784	42.3949	0.1523
0.42250	41.9806	0.1624
0.34423	41.3743	0.1315
0.46600	42.0239	0.1282
0.84100	43.9380	0.3800
0.49100	42.1924	0.1971
0.73117	43.3093	0.1798
0.22540	40.2295	0.1212
0.48501	42.6675	0.2941
0.36142	41.3706	0.1921
0.56500	42.5097	0.1380
0.64605	42.4860	0.4380
0.88600	43.8182	0.2412
0.45854	42.3234	0.1407
0.55419	42.7816	0.3181
0.59271	42.7207	0.2008
0.64846	42.9683	0.1307
0.19515	40.0027	0.0921
0.25028	40.3323	0.1970
0.46300	42.2515	0.1315
0.61028	43.0021	0.2258
0.82132	43.6209	0.1830
0.39000	41.6260	0.1312
0.22990	40.2667	0.0980
0.87716	43.4132	0.1268
0.37822	41.4168	0.1515
0.12020	39.1660	197.0615
0.44469	42.2394	0.2031
0.49816	41.9706	0.2630
0.63527	43.1555	0.1741
0.64577	42.8447	0.1414
0.55227	42.3601	0.2014
0.40650	41.5415	0.1305
0.31457	41.0350	0.1089
0.76652	43.3872	0.1597
0.48100	42.5722	0.2436
0.43385	41.7025	0.1723
0.51473	42.3245	0.1585
0.21348	40.0935	0.1769
0.51240	42.4705	0.1717
0.51400	42.2605	0.1359
0.77966	43.0873	0.3003
0.46407	41.8641	0.1851
0.59338	42.3276	0.1844
0.53717	42.4573	0.2517
0.65380	42.8892	0.1564
0.72913	43.0908	0.1564
0.61497	43.0071	0.1837
0.70781	43.3040	0.1752
0.79478	43.6292	0.1198
0.55000	42.5402	0.1594
0.62870	42.7018	0.1394
0.32380	41.1457	0.1432
0.50614	42.0337	0.1289
0.70905	43.1343	0.3071
0.92912	43.7197	2.4958
0.26685	40.7179	0.1783
0.64141	42.7883	0.1300
0.40949	41.7266	0.1273
0.71945	43.2697	0.1707
0.45302	41.9013	0.1100
0.57098	42.1148	0.1720
0.49364	42.1422	0.1645
0.42181	41.5483	0.1437
0.68757	42.9185	0.2096
0.59211	43.1378	0.2024
0.55339	42.5192	0.1533
0.31971	41.0898	0.2061
0.81614	43.6886	0.1343
0.51325	42.3722	0.1253
0.74631	43.1519	0.1250
0.62548	42.7784	0.1249
0.53859	42.2706	0.1762
0.54877	42.3672	0.1740
0.64881	42.7588	0.1563
0.43200	41.8080	0.1557
0.47944	42.3987	0.2562
0.68669	43.4160	0.1506
0.44894	41.9677	0.1611
0.63644	44.4744	96.6334
0.72477	43.1326	0.1543
0.45463	42.0060	0.1761
0.25229	40.4405	0.1219
0.29979	40.9047	0.1924
0.68264	43.0768	0.1256
0.52100	42.6172	0.2281
1.03300	44.1947	0.1428
0.47096	42.1032	0.1329
0.47697	42.4845	0.2010
0.50383	42.5828	0.1769
0.91849	43.8703	0.2067
0.98922	44.1603	0.1701
0.28219	40.9704	0.2443
0.62470	42.9232	0.1468
0.36896	41.4013	0.1536
0.44140	42.0174	0.1575
0.76798	43.2457	0.2214
0.69973	43.4213	0.1887
0.44682	41.8498	0.1525
0.91159	43.9930	0.2465
0.61233	42.9423	0.2008
0.64396	43.0325	0.2473
0.66712	43.3059	0.1418
0.30404	41.0553	0.1987
0.45705	41.6094	0.9069
0.36285	41.4962	0.1341
0.54930	42.7925	0.2039
0.43770	41.9924	0.1841
0.67963	43.7230	285.3867
0.33805	41.2120	0.0915
0.66579	43.0594	0.1816
0.57988	42.5877	0.2325
0.26371	40.5459	0.1112
0.55496	42.5053	0.1348
0.87417	43.5848	0.2000
0.53873	42.1449	0.1735
0.86715	44.0635	449.6125
0.31721	41.0804	0.1173
0.45804	42.0213	0.1870
0.56216	42.5240	0.1888
0.52582	42.3566	0.1607
0.43190	41.7465	0.1915
0.45481	42.0838	0.1424
0.62696	42.8962	0.2090
0.40944	41.7284	0.1651
0.37077	41.3716	0.2529
0.21939	40.1574	0.2030
0.34909	41.1649	0.1667
0.39883	41.4335	0.1903
0.36600	41.4035	0.1140
0.23797	40.5382	0.1278
0.34506	41.2770	0.1248
0.19870	39.8560	0.1064
0.43327	41.6536	0.1913
0.51671	42.4575	0.1669
0.38361	41.4179	0.1365
0.39257	41.5603	0.2488
0.36255	41.2641	0.1907
0.46418	42.0705	0.1135
0.46499	42.1430	0.1271
1.04215	43.8929	0.1500
0.38377	41.7749	0.2334
0.68132	43.0714	0.1501
0.24666	40.6824	0.1261
0.58150	43.0179	0.1909
0.65210	43.8689	258.0736
0.54505	42.5645	0.1040
0.75420	43.5047	0.1482
0.31613	41.1379	0.2124
0.60889	42.6110	0.1849
0.22300	40.1863	0.1679
0.33695	41.2982	0.1746
0.34204	41.6251	0.2431
0.43547	41.6647	0.1277
0.75074	43.1256	0.1240
0.69090	42.9629	0.1484
0.53800	42.4115	0.1580
0.51441	41.9657	0.2820
0.89603	43.4572	0.1718
0.47389	41.9191	0.1697
0.61124	42.6868	0.1603
0.83240	43.8256	0.1574
0.69290	43.1848	0.1479
0.45645	42.1033	0.8980
0.56638	42.7055	0.1813
0.31615	41.1086	0.1191
0.66526	43.5012	208.8486
0.54525	42.5390	0.1337
0.84007	43.7123	0.3503
0.59098	42.7352	0.1368
0.37996	41.5759	0.1222
0.78386	43.6694	0.1294
0.34545	41.1409	0.1469
1.02000	44.0300	0.2237
0.68891	43.1021	0.1485
0.61194	43.1970	0.2123
0.27302	40.7758	0.1184
0.05776	37.1631	0.1344
0.03025	35.6964	0.1741
0.04069	36.4468	0.0979
0.03713	36.0879	0.1099
0.02438	35.1116	0.1442
0.02441	35.2499	0.1249
0.03670	36.0401	0.0973
0.02810	35.3731	0.1363
0.02833	35.7330	0.1171
0.04039	36.1767	0.1037
0.05311	36.5582	0.1175
0.02528	35.1222	0.1555
0.03426	36.0211	0.1146
0.03229	35.9022	0.1700
0.03139	35.9389	0.1580
0.03101	35.5792	0.1422
0.03192	35.5048	0.1501
0.02740	35.5579	0.1650
0.04558	36.5702	0.1267
0.02484	35.1753	0.1363
0.02893	35.6431	0.1175
0.03449	36.0093	0.1232
0.04592	36.7085	0.0902
0.05739	37.1061	0.1095
0.03404	36.0215	0.0943
0.07603	37.7864	0.0776
0.04525	36.4148	0.1588
0.04624	36.4523	0.1238
0.02522	35.4828	0.1124
0.02665	35.2639	0.1039
0.03224	36.0388	0.1258
0.06780	37.5872	0.1065
0.03103	35.5919	0.0999
0.04146	36.4324	0.1039
0.04844	36.8492	0.1207
0.03198	35.8171	0.1326
0.02873	35.7604	0.1454
0.03467	36.0797	0.1398
0.05340	36.9681	0.0844
0.03718	36.0891	0.1315
0.06257	37.2450	0.1100
0.05860	37.0706	0.0919
0.07191	37.3368	0.1235
0.05787	36.9422	0.1236
0.02837	35.4984	0.1733
0.03155	35.8536	0.1031
0.03694	36.0146	0.0970
0.03081	35.8573	0.0987
0.06499	37.1559	0.0909
0.03044	35.7009	0.0990
0.02696	35.4340	0.1498
0.02604	34.9553	0.1382
0.03518	35.9416	0.2081
0.02953	35.5652	0.1265
0.03707	36.2970	0.1253
0.04177	36.2794	0.1071
0.04389	36.3586	0.0911
0.03389	35.7229	0.1907
0.02428	35.2815	0.1470
0.03070	35.7767	0.1461
0.04526	36.3633	0.1452
0.03777	36.1536	0.1039
0.02617	35.4671	0.1046
0.06015	37.3396	0.0782
0.04603	36.5956	0.0952
0.03900	36.2496	0.1012
0.03700	36.2415	0.1162
0.03354	35.7936	0.1046
0.03303	35.7814	0.0964
0.03761	36.1166	0.0936
0.02840	35.4761	0.1031
0.03667	36.3167	0.0962
0.03964	36.1953	0.1052
0.03340	35.6516	0.1542
0.05286	37.0042	0.1047
0.03812	36.1656	0.1433
0.04561	36.6368	0.1472
0.03672	36.1891	0.1239
0.02734	35.5887	0.1401
0.02992	35.7766	0.1215
0.03468	35.9948	0.0980
0.03505	36.1202	0.1114
0.02604	35.3285	0.1106
0.04278	36.5359	0.0938
0.03768	36.1692	0.1293
0.03036	35.7166	0.0972
0.04879	36.7086	0.0825
0.03836	36.4269	0.1023
0.03309	36.0469	0.1284
0.03556	36.1609	0.0950
0.03561	35.9985	0.0947
0.03075	35.5339	0.1156
0.02834	35.6497	0.1632
0.03194	35.8396	0.0917
0.02493	35.3194	0.1090
0.02852	35.5958	0.1093
0.04191	36.2995	0.1295
0.03486	35.9996	0.1245
0.03466	35.8627	0.1321
0.02890	35.6306	0.0999
0.02920	35.4530	0.1064
0.05093	36.8172	0.0853
0.03086	35.6730	0.1484
0.03100	35.6131	0.1072
0.02537	35.3542	0.1115
0.04924	36.5913	0.1235
0.06741	37.3841	0.1069
0.04954	36.7763	0.1820
0.04457	36.5732	0.1278
0.03888	36.2828	0.0996
0.03074	35.4809	0.0960
0.04555	36.7018	0.0800
0.04944	36.8084	0.0986
0.07642	37.6594	0.1083
0.03817	36.1074	0.0966
0.04332	36.4650	0.0847
0.05312	36.9789	0.1233
0.02403	35.1253	0.1269
0.03064	35.6613	0.1253
0.02877	35.4194	0.1655
0.05569	36.9936	0.1032
0.03182	35.7510	0.1058
0.03065	35.6657	0.1541
0.04644	36.6954	0.1542
0.02947	35.4134	0.1135
0.04779	36.6031	0.0940
0.07180	37.3182	0.1478
0.02871	35.6680	0.1108
0.03265	36.0143	0.1835
0.03165	35.7502	0.1040
0.06766	37.4018	0.0862
0.03029	35.8035	0.1054
0.07772	37.9662	0.0762
0.02507	35.3242	0.1528
0.07363	37.6976	0.0913
0.03046	35.5414	0.1113
0.04485	36.4148	0.0994
0.02551	35.3104	0.1097
0.04655	36.7340	0.0821
0.04863	36.6670	0.0970
0.07188	37.7745	0.1128
0.07096	37.5408	0.0855
0.07937	37.6637	0.0977
0.06889	37.5234	0.0828
0.05180	36.6668	0.0962
0.03430	35.9584	0.0934
0.07267	37.4732	0.0855
0.08024	37.6482	0.0930
0.06479	37.3739	0.1045
0.03007	35.5472	0.1034
0.03937	36.3899	0.1470
0.07085	37.7321	0.1017
0.05547	37.1480	0.1039
0.03930	36.2574	0.1016
0.05399	37.0591	0.0739
0.05342	36.8831	0.1034
0.06270	37.1607	0.0905
0.04386	36.6606	0.1940
0.02954	35.8410	0.1031
0.05127	36.9849	0.0936
0.04781	36.6820	0.0928
0.06982	37.5431	0.1510
0.05447	37.0809	0.1070
0.04611	36.7047	0.1010
0.05250	36.8492	0.0987
0.05273	36.9805	0.0831
0.04681	36.6724	0.1043
0.07339	37.4632	0.1058
0.04470	36.4750	0.1216
0.06976	37.5194	0.0704
0.02565	35.2529	0.1471
0.02812	35.5399	0.1395
0.04385	36.6451	0.1094
0.02648	35.4599	0.1268
0.06828	37.3848	0.0827
0.06289	37.2086	0.0739
0.04269	36.5529	0.0935
0.04457	36.4046	0.0991
0.08493	38.0701	0.1290
0.04099	36.1981	0.1065
0.05827	37.0993	0.1051
0.08748	38.0989	0.1210
0.06194	37.3413	0.1216
0.03338	35.7316	0.1135
0.06602	37.5388	0.1100
0.03323	35.9567	0.1025
0.05953	37.2189	0.0896
0.02716	35.6228	0.1261
0.04000	36.5069	0.1214
0.05440	36.8308	0.0872
0.02385	35.2067	0.1183
0.02561	35.3916	0.1237
0.02448	35.3421	0.1160
0.09200	38.3430	0.2873
